3761.890104046298,-2825.2377640318045
3861.363159682138,-1009.9668857247555
4130.643754736734,-929.8814057994445
3740.789758911423,-621.7747677534562
3649.3549299936312,-687.4003693589194
3660.4074917309467,-472.72679122579416
3730.7419755138644,-379.2937313129313
3770.933109104102,-496.08505620400985
3839.2580362075073,-32.2566516365836
3946.7693185613944,-24.470563310511697
4142.701094813806,234.69494811445307
4157.772769910145,-58.95181161168727
4043.2280391779664,-379.2937313129313
4158.777548249901,-492.7481612071218
4335.618536046949,-286.97296973236445
4342.651984425241,-915.4215274795966
3872.4157214194543,140.14958986929426
3952.7979885999302,265.8393014187407
4250.2123771676925,145.71108153077418
4471.263611914003,-37.81814329806353
4356.718881181824,140.14958986929426
4338.632871066217,582.8443261230967
4362.74755122036,795.2933075916302
4362.74755122036,804.191694249998
4262.269717244764,1031.1005540383792
4571.741445889599,129.0266065463344
4547.626765735456,471.61449289349815
4566.717554190819,501.6465478654898
4531.550312299361,603.9779944367206
4847.050710982731,-477.17598455497813
4827.959922527368,-156.83406485373405
4735.5203152698205,-147.9356781953662
4745.568098667379,45.60423162413543
4953.557214996862,8.89838665836789
4875.184504495897,244.705633105117
4938.485539900523,447.1439295829864
4741.548985308355,557.2614644802891
4864.131942758581,680.7265793651436
4858.103272720046,828.6622575605098
4959.585885035398,677.3896843682555
5062.073275690505,593.9673094460567
5074.130615767576,467.16529956431424
5062.073275690505,338.13869301797985
5127.383867774643,381.51832797752326
5137.431651172203,472.72679122579416
5150.493769589029,587.2935194522807
5179.632341441952,476.0636862226821
5246.952490205601,504.98344286237773
5229.87125842975,565.0475528063611
5338.387319123393,704.0848443433592
5047.001600594166,-456.0423162413543
5067.097167389285,-171.29394317358188
5074.130615767576,-8.89838665836789
5153.508104608297,-348.1493780086437
5151.498547928786,-261.39010808955675
5154.512882948053,-11.122983322959863
5254.9907169236485,-166.84474984439794
5350.444659200465,-283.6360747354765
5355.468550899244,-239.144141443637
5348.435102520953,-144.5987831984782
5375.564117694364,-150.16027485995815
5485.084956727763,-150.16027485995815
5583.553234023847,-348.1493780086437
5579.534120664823,-461.6038079028343
5654.892496146519,-333.6894996887959
5737.284320006508,-226.90885978838116
6037.713043593539,-121.24051822026252
6230.630484826682,-718.544722663207
5178.627563102196,-920.9830191410766
5265.038500321208,-932.1060024640365
5345.420767501685,-684.0634743620316
5460.97027657362,-617.3255744242723
5526.280868657757,-799.7425009208142
6439.624379495921,-2392.5537127686666
6441.633936175432,-5721.662621330553
7670.477845696967,-7615.906681230618
7073.639511881929,2605.0026942372
6858.616947174155,1918.714623210576
6532.063986753469,2811.890184044253
6159.29122270401,2608.3395892340877
6055.799053709146,2465.9654027002016
6038.7178219332945,2734.029300783534
6355.222998956419,1140.105790603386
6051.779940350121,578.3951327939128
5885.991514290388,606.2025911013126
5983.455013246717,1162.3517572493054
5770.442005218454,1288.041468798752
5562.452888888971,1445.9878319847821
5852.833829078442,1709.6025367389307
5948.287771355259,2005.4738931296633
5765.418113519675,2022.158368114103
5635.8017076911565,1126.758210615834
5550.3955488119,1137.881193938794
5566.472002247995,1373.688440385543
5329.34431406559,944.3412841192923
5358.482885918512,1066.6941006718507
5445.898601477281,1121.196718954354
5430.826926380941,1342.5440870812554
5181.641898121464,819.7638709021418
5248.9620468851135,1050.009625687411
5231.880815109262,1265.7955021528323
5255.995495263405,1472.6829919598858
5071.116280748309,672.9404910390716
5068.10194572904,784.1703242686702
5080.159285806112,733.0046009830548
5136.426872832446,719.6570209955031
5141.450764531226,797.517904256222
5152.503326268541,779.7211309394863
5152.503326268541,793.0687109270382
5156.522439627565,793.0687109270382
5155.5176612878095,809.753185911478
5143.460321210738,1033.325150702971
5082.168842485624,1224.6404638578808
5153.508104608297,1288.041468798752
5143.460321210738,1357.0039654011032
5074.130615767576,1395.9344070314628
5127.383867774643,1494.9289586058055
4937.480761560767,733.0046009830548
5030.925147158071,934.3305991286285
4948.533323298082,937.6674941255164
4971.643225112469,1063.3572056749629
4950.542879977595,1227.9773588547687
4926.428199823452,916.5338258118927
4869.155834457361,1013.3037807216434
4924.418643143939,1341.4317887489594
4830.974257546635,1261.3463088236485
4634.037702954468,677.3896843682555
4653.128491409831,709.6463360048392
4679.252728243487,807.528589246886
4755.615882064939,817.5392742375498
4745.568098667379,925.4322124702607
4738.534650289087,1250.2233255006886
4770.687557161277,1448.212428649374
4841.022040944195,1577.2390351957085
4835.998149245415,1801.9232983194977
4727.482088551772,1698.4795534159712
4524.51686392107,823.1007658990299
4549.636322414968,1014.4160790539393
4548.631544075212,1223.5281655255849
4548.631544075212,1358.1162637333991
4561.693662492039,1497.1535552703974
4446.144153420105,953.2396707776602
4450.163266779128,1245.7741321715046
4366.766664579384,1240.2126405100246
4375.809669637188,1365.902352059471
3938.7310918433473,1001.0684990663876
4173.84922334624,1367.014650391767
4070.3570543513765,1576.1267368634124
4146.72020817283,1706.2656417420428
4126.624641377711,1837.5168449529692
4047.24715253699,1907.591639887616
3829.2102528099476,1705.1533434097469
3747.823207289715,1675.1212884377553
3825.191139450924,1469.3460969629978
3570.9822194926664,1591.6989135155563
5349.439880860709,1592.8112118478523
5448.912936496548,2046.6289314246146
5333.363427424613,2002.1369981327753
5249.966825224869,1840.8537399498573
5170.589336384149,2146.7357813312537
5239.919041827309,2335.826497821571
5334.36820576437,2568.296849271432
5130.398202793911,1890.9071649031766
5039.968152215874,2113.366831362374
5026.906033799047,2177.880134635541
5139.441207851713,2485.9867726815296
4968.628890093201,1471.57069362759
5028.915590478558,1586.1374218540764
4973.652781791981,2021.046069781807
4935.471204881254,1820.8323699685297
4831.979035886392,1898.6932532292485
4866.141499438095,2352.5109728060106
4752.6015470456705,2118.928323023854
4754.611103725183,2378.0938344488186
4627.004254576176,2016.5968764526228
4637.052037973736,2234.6073495826363
4566.717554190819,2350.2863761414187
4669.204944845927,2598.328904243424
4732.505980250552,3042.1359388295223
4569.731889210087,2679.526682501031
4560.688884152283,2821.9008690349174
4447.14893175986,2898.64945396334
4432.077256663521,3157.814965388305
4624.994697896665,1591.6989135155563
4541.598095696921,1587.2497201863723
4569.731889210087,1732.9608017171465
4351.694989483045,1809.7093866455696
4372.79533461792,2029.944456440175
4471.263611914003,2257.965614560852
4258.250603885741,2009.9230864588474
4178.87311504502,2364.7462544612667
4139.686759794538,2168.9817479771727
4261.264938905008,2579.419832594392
4229.112032032818,2719.5694224636864
4333.608979367438,3064.381905475442
4250.2123771676925,3034.3498505034504
3954.807545279442,2175.655537970949
4057.29493593455,2509.345037659745
3833.2293661689714,2384.7676244425948
3775.9570008028813,2606.1149925694954
3536.8197559409646,2790.7565157306294
3526.7719725434054,3695.0550598872665
